Sample	0	1	2	3	4	5	6	7	8	9	10	11	12	13	14	15
SRR11780536_1	(1.0, 38.44697513390691)	(2.0, 14.980308477297932)	(3.0, 7.485707213858609)	(4.0, 4.32742624083854)	(5.0, 3.0688178954525447)	(6.0, 2.226502907693997)	(7.0, 1.7590539376941612)	(8.0, 1.4396468849511077)	(9.0, 1.2303277933140386)	('>10', 12.340150275542564)	('>50', 3.656411303118053)	('>100', 6.238084130458448)	('>500', 1.465614373200871)	('>1k', 0.7853436185330107)	('>5k', 0.0)	('>10k+', 0.5496298141393426)
SRR11780536_2	(1.0, 39.723449783733926)	(2.0, 14.85570572072621)	(3.0, 7.239034871478686)	(4.0, 4.355342445965983)	(5.0, 2.976073566913967)	(6.0, 2.2320266683265593)	(7.0, 1.7768875945007139)	(8.0, 1.4627792252470606)	(9.0, 1.1389919196425262)	('>10', 12.119976430266325)	('>50', 3.5792516036691353)	('>100', 6.168425383205746)	('>500', 1.3970464109191414)	('>1k', 0.8029123514513477)	('>5k', 0.018366434264913727)	('>10k+', 0.1537295896878789)
SRR11780537_1	(1.0, 50.73513695162097)	(2.0, 15.416173421446524)	(3.0, 6.723926173644871)	(4.0, 3.6706683775331)	(5.0, 2.4006290593732236)	(6.0, 1.6774671380207644)	(7.0, 1.2609058795872097)	(8.0, 1.0184400022132176)	(9.0, 0.8640714986583713)	('>10', 8.733245525571597)	('>50', 2.5532278383473743)	('>100', 4.100087685891244)	('>500', 0.48371935754789075)	('>1k', 0.24393824103404516)	('>5k', 0.04921268468093348)	('>10k+', 0.06915016482871003)
SRR11780537_2	(1.0, 51.87950441392789)	(2.0, 15.188215242247981)	(3.0, 6.61121788625618)	(4.0, 3.6595433497632444)	(5.0, 2.3139899782233138)	(6.0, 1.6532718532725352)	(7.0, 1.2669821369776726)	(8.0, 0.977590423627194)	(9.0, 0.8197144817084642)	('>10', 8.476597274519902)	('>50', 2.516668690297035)	('>100', 3.879620192067531)	('>500', 0.4969394022418862)	('>1k', 0.1980998371803363)	('>5k', 0.062044837688874935)	('>10k+', 0.0)
SRR11780538_1	(1.0, 43.66455440074879)	(2.0, 16.92339947985932)	(3.0, 7.951594949468853)	(4.0, 4.621238113114708)	(5.0, 2.961465512529966)	(6.0, 2.2103675993770273)	(7.0, 1.619471858568918)	(8.0, 1.2773597415840818)	(9.0, 1.0469088218054825)	('>10', 9.807471329897586)	('>50', 2.6827383751085545)	('>100', 4.338304826230123)	('>500', 0.5808927003067333)	('>1k', 0.183088273952585)	('>5k', 0.04008877093480877)	('>10k+', 0.09105524651250059)
SRR11780538_2	(1.0, 45.00596224142393)	(2.0, 16.64750247902341)	(3.0, 7.974183443734761)	(4.0, 4.4537864222835735)	(5.0, 2.8088693963393627)	(6.0, 2.0666844128935096)	(7.0, 1.5548173793935864)	(8.0, 1.2591258112037023)	(9.0, 0.9808086803871296)	('>10', 9.627993298430871)	('>50', 2.642310768878778)	('>100', 4.18445809529086)	('>500', 0.5660621875511325)	('>1k', 0.17564443661342952)	('>5k', 0.0)	('>10k+', 0.051790946551971424)
SRR11780539_1	(1.0, 40.96752855043361)	(2.0, 16.64431188779135)	(3.0, 8.568148581911714)	(4.0, 5.057924366662492)	(5.0, 3.384866977767896)	(6.0, 2.3997274779493907)	(7.0, 1.9497741977775847)	(8.0, 1.4805642087471427)	(9.0, 1.2148606272135962)	('>10', 10.62426729607948)	('>50', 2.6426282323424344)	('>100', 3.981729375992935)	('>500', 0.7022234232511921)	('>1k', 0.30293447030742193)	('>5k', 0.02642931686501721)	('>10k+', 0.052081008906786755)
SRR11780539_2	(1.0, 42.038372955979256)	(2.0, 16.390622024290188)	(3.0, 8.269304734904145)	(4.0, 4.971751848124383)	(5.0, 3.4407208416433765)	(6.0, 2.397553305203122)	(7.0, 1.8535973356598203)	(8.0, 1.3836785074096867)	(9.0, 1.1737702954795945)	('>10', 10.596352747920596)	('>50', 2.566089740664628)	('>100', 3.9287393238308344)	('>500', 0.688721139874365)	('>1k', 0.2770673061837539)	('>5k', 0.02365789283224768)	('>10k+', 0.0)
SRR11780540_1	(1.0, 46.18170543584734)	(2.0, 17.556698678289486)	(3.0, 8.049781841026785)	(4.0, 4.709853086586862)	(5.0, 2.828714533851658)	(6.0, 2.0768623694965074)	(7.0, 1.572637035552497)	(8.0, 1.2265868601948866)	(9.0, 1.0129630919252297)	('>10', 8.871435730618225)	('>50', 2.1802179976440925)	('>100', 3.0062139771733563)	('>500', 0.383855247783758)	('>1k', 0.13888964153445632)	('>5k', 0.0)	('>10k+', 0.20358447247490566)
SRR11780540_2	(1.0, 47.57069430645452)	(2.0, 17.345102631244973)	(3.0, 7.757793846195141)	(4.0, 4.441357301827467)	(5.0, 2.865487188245407)	(6.0, 2.0224220293551065)	(7.0, 1.4508178523183914)	(8.0, 1.1941030646930666)	(9.0, 0.9750346701237286)	('>10', 8.656973001457947)	('>50', 2.112569335816721)	('>100', 3.0151278239449932)	('>500', 0.4147283019360074)	('>1k', 0.12788662728954286)	('>5k', 0.0)	('>10k+', 0.049902019097059894)
SRR11780541_1	(1.0, 47.667628342219245)	(2.0, 17.80602491473177)	(3.0, 7.855822748324219)	(4.0, 4.307399605656566)	(5.0, 2.7196513307496373)	(6.0, 1.9261020745154758)	(7.0, 1.4320774849573388)	(8.0, 1.1064974067632838)	(9.0, 0.9894915940279475)	('>10', 8.122531286115498)	('>50', 2.2070123784514917)	('>100', 3.142282671736403)	('>500', 0.4928968537514594)	('>1k', 0.11031997582336733)	('>5k', 0.03478817012332749)	('>10k+', 0.07947316205296365)
SRR11780541_2	(1.0, 49.75860139254949)	(2.0, 17.17861154509392)	(3.0, 7.579200082721238)	(4.0, 4.102246240488965)	(5.0, 2.663723699076403)	(6.0, 1.774489262302895)	(7.0, 1.3896937831808442)	(8.0, 1.078131643721749)	(9.0, 0.9150154245571392)	('>10', 7.817982899036349)	('>50', 2.1002619697750866)	('>100', 3.0375078455434137)	('>500', 0.4321018364771274)	('>1k', 0.13083923668135092)	('>5k', 0.041593138794071546)	('>10k+', 0.0)
SRR11780542_1	(1.0, 43.48958404242593)	(2.0, 16.698399883212875)	(3.0, 8.210313441069575)	(4.0, 4.882576884327179)	(5.0, 3.2431984025923724)	(6.0, 2.4126056120703634)	(7.0, 1.8608000448830202)	(8.0, 1.3985575350432502)	(9.0, 1.1644990408668685)	('>10', 10.60576435629272)	('>50', 2.4607193391057587)	('>100', 3.044305658698058)	('>500', 0.3088472867884992)	('>1k', 0.16571160190056092)	('>5k', 0.05411687072275894)	('>10k+', 0.0)
SRR11780542_2	(1.0, 45.55929881157063)	(2.0, 16.230068747568556)	(3.0, 7.95411253900266)	(4.0, 4.62609151896625)	(5.0, 3.075011384430351)	(6.0, 2.2811552465794405)	(7.0, 1.7093238228345575)	(8.0, 1.4017241519928907)	(9.0, 1.1205518033988369)	('>10', 10.24090990614757)	('>50', 2.43870742400409)	('>100', 2.932252267468117)	('>500', 0.2791391404547519)	('>1k', 0.09282250156267016)	('>5k', 0.0)	('>10k+', 0.05883073401889508)
SRR11780543_1	(1.0, 37.73124511942467)	(2.0, 15.255823858353196)	(3.0, 7.921213149394185)	(4.0, 5.146005926839472)	(5.0, 3.429414236107111)	(6.0, 2.6391777588004506)	(7.0, 2.098772117484468)	(8.0, 1.6737638020929757)	(9.0, 1.3441689600567943)	('>10', 12.70918415961143)	('>50', 3.1338976159299556)	('>100', 5.027286066191257)	('>500', 1.1019952819162833)	('>1k', 0.6559304911388213)	('>5k', 0.028821590198818005)	('>10k+', 0.10329986646004058)
SRR11780543_2	(1.0, 38.95788055442771)	(2.0, 15.102538598112117)	(3.0, 7.720730145033613)	(4.0, 4.878510660963223)	(5.0, 3.491304393463981)	(6.0, 2.6589564281631257)	(7.0, 2.0191746954620218)	(8.0, 1.5738151961814248)	(9.0, 1.3120225060187243)	('>10', 12.521549737257121)	('>50', 3.035995763598678)	('>100', 4.975178595385155)	('>500', 1.075324665734283)	('>1k', 0.6205196219748689)	('>5k', 0.056498438224311436)	('>10k+', 0.0)
SRR11780544_1	(1.0, 40.92538237760955)	(2.0, 17.04755949603911)	(3.0, 8.273027265141623)	(4.0, 4.76689793839666)	(5.0, 3.1273089395415323)	(6.0, 2.1961468335712637)	(7.0, 1.7005800856345166)	(8.0, 1.463133524526949)	(9.0, 1.1611471843160002)	('>10', 12.019073260542575)	('>50', 3.0971975029167185)	('>100', 3.560518085569618)	('>500', 0.306436321515272)	('>1k', 0.09593551008889427)	('>5k', 0.0)	('>10k+', 0.2596556745897775)
SRR11780544_2	(1.0, 42.71390695502497)	(2.0, 16.614508804704908)	(3.0, 7.846252599477027)	(4.0, 4.618814001612217)	(5.0, 3.075410949515049)	(6.0, 2.172143394269852)	(7.0, 1.6929514033806108)	(8.0, 1.3117433079614438)	(9.0, 1.1382257666411806)	('>10', 11.83974541745963)	('>50', 3.0733429114195876)	('>100', 3.3601799572417956)	('>500', 0.3035959216622174)	('>1k', 0.08364249589640133)	('>5k', 0.03194851378486331)	('>10k+', 0.12358759994828322)
SRR11780545_1	(1.0, 36.49640999375085)	(2.0, 15.934104400639956)	(3.0, 8.461920587860543)	(4.0, 5.08295083730089)	(5.0, 3.400302833318213)	(6.0, 2.530663254008394)	(7.0, 1.912507323205807)	(8.0, 1.6010623931467516)	(9.0, 1.305239323177158)	('>10', 13.857195049958582)	('>50', 3.877294785848055)	('>100', 4.529243839674734)	('>500', 0.49374134673285214)	('>1k', 0.2932047645705724)	('>5k', 0.07281858828241529)	('>10k+', 0.15134067852429084)
SRR11780545_2	(1.0, 38.31339489386076)	(2.0, 15.748682617719338)	(3.0, 7.996890447089276)	(4.0, 4.8882883785844955)	(5.0, 3.454031693039197)	(6.0, 2.4172475012091486)	(7.0, 1.8996320337492465)	(8.0, 1.5934194874800245)	(9.0, 1.2664755463682345)	('>10', 13.437484479124976)	('>50', 3.7406030580242318)	('>100', 4.345836942718862)	('>500', 0.488854773437539)	('>1k', 0.21740228576084064)	('>5k', 0.01765679677601827)	('>10k+', 0.1740990650578303)
SRR11780546_1	(1.0, 36.91053293531313)	(2.0, 15.564521639383692)	(3.0, 8.230835739403199)	(4.0, 5.06526132552522)	(5.0, 3.458945029088477)	(6.0, 2.487199973843529)	(7.0, 2.0532234372859297)	(8.0, 1.6344929572623945)	(9.0, 1.389399730344617)	('>10', 13.967018553490076)	('>50', 3.8147752926946126)	('>100', 4.513712200880953)	('>500', 0.5147197750229398)	('>1k', 0.20235614800305773)	('>5k', 0.0)	('>10k+', 0.19300526245818211)
SRR11780546_2	(1.0, 38.59737259709271)	(2.0, 15.293601574740107)	(3.0, 8.028653736319825)	(4.0, 4.8290420919620525)	(5.0, 3.4520626778178714)	(6.0, 2.4891466393630983)	(7.0, 1.9236957779335693)	(8.0, 1.518668664267998)	(9.0, 1.3901323038051825)	('>10', 13.6398827607662)	('>50', 3.6383677350828516)	('>100', 4.414406689224862)	('>500', 0.4872949464843502)	('>1k', 0.1805881666777265)	('>5k', 0.028952103254864532)	('>10k+', 0.08813153520676227)
SRR11780547_1	(1.0, 41.16267760139014)	(2.0, 16.943933539997282)	(3.0, 8.479921209670957)	(4.0, 4.999264421264915)	(5.0, 3.2747183942858826)	(6.0, 2.4462276599830406)	(7.0, 1.95382766209403)	(8.0, 1.459530039786597)	(9.0, 1.2247077658430174)	('>10', 11.30308688146632)	('>50', 2.6489861611166385)	('>100', 3.466259897247738)	('>500', 0.4184343711868685)	('>1k', 0.11469699421624063)	('>5k', 0.03570434269478619)	('>10k+', 0.06802305775558436)
SRR11780547_2	(1.0, 42.40010300936725)	(2.0, 16.58585903496306)	(3.0, 8.355835259471244)	(4.0, 4.9450965450722855)	(5.0, 3.325985432525063)	(6.0, 2.462770196300814)	(7.0, 1.8678855705546589)	(8.0, 1.467664004066862)	(9.0, 1.1234186400988777)	('>10', 10.977264685311338)	('>50', 2.516053850763034)	('>100', 3.421083689268048)	('>500', 0.40952506234623365)	('>1k', 0.10325764944425525)	('>5k', 0.0)	('>10k+', 0.0381973704470088)
SRR11780548_1	(1.0, 37.76400264095683)	(2.0, 16.108492326276256)	(3.0, 7.954900516187744)	(4.0, 4.981016441659063)	(5.0, 3.3785846799699946)	(6.0, 2.4058847069460336)	(7.0, 1.9136406145983678)	(8.0, 1.479998674983639)	(9.0, 1.2011663854764763)	('>10', 13.115766926593201)	('>50', 3.5070001074398984)	('>100', 4.8443922935885695)	('>500', 0.7980662227658322)	('>1k', 0.3980734891989346)	('>5k', 0.05766044482494631)	('>10k+', 0.09135352853420883)
SRR11780548_2	(1.0, 39.22023299301664)	(2.0, 15.71421774777805)	(3.0, 7.872313281739646)	(4.0, 4.790941366101241)	(5.0, 3.2503686249742154)	(6.0, 2.4023002259611457)	(7.0, 1.864253656740291)	(8.0, 1.5265513695272157)	(9.0, 1.2404480102481332)	('>10', 12.657116532993873)	('>50', 3.3309052013699887)	('>100', 4.939295492480487)	('>500', 0.7617749125393454)	('>1k', 0.33079509439998517)	('>5k', 0.0)	('>10k+', 0.09848549012978396)
SRR11780549_1	(1.0, 45.70829709875211)	(2.0, 16.565562397563784)	(3.0, 8.014959595789602)	(4.0, 4.717203802023272)	(5.0, 3.0593065281309655)	(6.0, 2.2025099648539532)	(7.0, 1.7083275290555482)	(8.0, 1.3312051414084132)	(9.0, 1.0955472279449505)	('>10', 9.405250949026799)	('>50', 2.2075652197208337)	('>100', 3.2294834944367237)	('>500', 0.44889559113334654)	('>1k', 0.13555734280102277)	('>5k', 0.0)	('>10k+', 0.17032811735876763)
SRR11780549_2	(1.0, 46.771899225661464)	(2.0, 16.72350780437329)	(3.0, 7.894397731868303)	(4.0, 4.468044398907103)	(5.0, 3.011759716489627)	(6.0, 2.1097732534251565)	(7.0, 1.6055828178721105)	(8.0, 1.2711986364920405)	(9.0, 1.0051919661137467)	('>10', 9.195192928596068)	('>50', 2.1728729655749435)	('>100', 3.1834830076957137)	('>500', 0.4219858377139427)	('>1k', 0.120271586060989)	('>5k', 0.0)	('>10k+', 0.04483812315568954)
SRR11780550_1	(1.0, 47.6837907164893)	(2.0, 17.949458691000444)	(3.0, 7.829484890973847)	(4.0, 4.351318381600192)	(5.0, 2.75586128060696)	(6.0, 1.9477781689125035)	(7.0, 1.4443170552160733)	(8.0, 1.053461553115485)	(9.0, 0.9168751682354087)	('>10', 8.18831328144556)	('>50', 2.1175432360838484)	('>100', 3.0254283171074157)	('>500', 0.3361510171063571)	('>1k', 0.15036567687605945)	('>5k', 0.0)	('>10k+', 0.24985256523050725)
SRR11780550_2	(1.0, 49.21837954951556)	(2.0, 17.46845287086776)	(3.0, 7.663956200219577)	(4.0, 4.189045474900388)	(5.0, 2.6401984963256035)	(6.0, 1.8213040895817572)	(7.0, 1.3858191308836543)	(8.0, 1.1091150060923296)	(9.0, 0.8580273369637003)	('>10', 8.00974091922608)	('>50', 2.0731330839857463)	('>100', 2.9924920357987164)	('>500', 0.31900055743129163)	('>1k', 0.11348452354719661)	('>5k', 0.04060247250556657)	('>10k+', 0.0972482521550888)
SRR11780551_1	(1.0, 42.09893988272934)	(2.0, 17.232326568873535)	(3.0, 8.433769661955541)	(4.0, 5.03755290720291)	(5.0, 3.2956055340243338)	(6.0, 2.3561303344891042)	(7.0, 1.7568378591017064)	(8.0, 1.3713764424536203)	(9.0, 1.2207125037419868)	('>10', 10.190579328412841)	('>50', 2.4933098281120265)	('>100', 3.6344463788982)	('>500', 0.5660905777586911)	('>1k', 0.18991484244316098)	('>5k', 0.0)	('>10k+', 0.12240734980316559)
SRR11780551_2	(1.0, 43.83980589284289)	(2.0, 16.95556893007367)	(3.0, 8.305960681248763)	(4.0, 4.818957301857412)	(5.0, 3.189422410277412)	(6.0, 2.2697101146337055)	(7.0, 1.657335262782397)	(8.0, 1.36686114390149)	(9.0, 1.1149136684420926)	('>10', 9.76897982367725)	('>50', 2.4112870665809862)	('>100', 3.5620305732320707)	('>500', 0.5286261102057629)	('>1k', 0.17451453952544627)	('>5k', 0.036026480718492127)	('>10k+', 0.0)
SRR11780552_1	(1.0, 38.025961426839665)	(2.0, 15.752918292876508)	(3.0, 7.96171203712883)	(4.0, 4.701221009601415)	(5.0, 3.1583575075334656)	(6.0, 2.3617072395121834)	(7.0, 1.8219136658208825)	(8.0, 1.4605109288662665)	(9.0, 1.2414272103203552)	('>10', 13.339189064100287)	('>50', 3.9237843502842913)	('>100', 5.135891161907657)	('>500', 0.6908556259163946)	('>1k', 0.3032994466433906)	('>5k', 0.0)	('>10k+', 0.12125103264862482)
SRR11780552_2	(1.0, 39.15554355992458)	(2.0, 15.609097898970372)	(3.0, 7.745519509313797)	(4.0, 4.580212410478608)	(5.0, 3.0827031810923478)	(6.0, 2.2537095033692744)	(7.0, 1.7354319346016487)	(8.0, 1.4115066224642692)	(9.0, 1.2380730920015872)	('>10', 13.379310943531861)	('>50', 3.6903191102425468)	('>100', 5.093228723813821)	('>500', 0.6544841520556193)	('>1k', 0.27676169605978684)	('>5k', 0.03266460038740346)	('>10k+', 0.06143306169245398)
SRR11780553_1	(1.0, 36.90623405516417)	(2.0, 15.910263254237067)	(3.0, 8.235467837707173)	(4.0, 5.0092764247243755)	(5.0, 3.4044964080800684)	(6.0, 2.403751694319817)	(7.0, 1.9276428949897588)	(8.0, 1.5092984610449893)	(9.0, 1.2606331165085485)	('>10', 13.384369891626138)	('>50', 3.7972430910455586)	('>100', 5.0980593258181575)	('>500', 0.654620847799796)	('>1k', 0.29756983878941246)	('>5k', 0.0)	('>10k+', 0.2010728581448547)
SRR11780553_2	(1.0, 39.39041616727211)	(2.0, 15.584027376521945)	(3.0, 8.009061191394832)	(4.0, 4.638593255578775)	(5.0, 3.2079696806927536)	(6.0, 2.352470323541396)	(7.0, 1.8241407507736815)	(8.0, 1.4514903492487161)	(9.0, 1.2206890596037956)	('>10', 12.744687767059762)	('>50', 3.7523154968263444)	('>100', 4.8040660789129035)	('>500', 0.6358213211577042)	('>1k', 0.2651946120707846)	('>5k', 0.0)	('>10k+', 0.11905656934449294)
SRR11780554_1	(1.0, 35.94177620316113)	(2.0, 15.62476224953475)	(3.0, 8.183856105145773)	(4.0, 4.850626702540928)	(5.0, 3.2327776774461072)	(6.0, 2.3941550525264743)	(7.0, 1.9881928669082294)	(8.0, 1.5875164887255167)	(9.0, 1.3556192311167443)	('>10', 14.42351348804608)	('>50', 4.17961233778301)	('>100', 5.237521391280561)	('>500', 0.5896682995592769)	('>1k', 0.2576979923408977)	('>5k', 0.0)	('>10k+', 0.1527039138845112)
SRR11780554_2	(1.0, 37.945452012218134)	(2.0, 15.382320934345332)	(3.0, 7.878327477584521)	(4.0, 4.699030096483937)	(5.0, 3.1905242361032156)	(6.0, 2.3237937559255566)	(7.0, 1.8846281980673765)	(8.0, 1.5113329539135811)	(9.0, 1.3052983534846714)	('>10', 13.967442450884635)	('>50', 3.9186130863167405)	('>100', 5.084910348493089)	('>500', 0.5824845429037698)	('>1k', 0.2272846534006398)	('>5k', 0.019122107608926426)	('>10k+', 0.07943479226571806)
SRR11780556_1	(1.0, 40.00804271076433)	(2.0, 15.647167801182071)	(3.0, 7.710043343282293)	(4.0, 4.463608877126192)	(5.0, 2.906829498316784)	(6.0, 2.0734476479823414)	(7.0, 1.6069717475595588)	(8.0, 1.2819135632652876)	(9.0, 1.0382769155294027)	('>10', 9.799214025486348)	('>50', 2.825237972228084)	('>100', 5.96590830939103)	('>500', 2.0700522238383883)	('>1k', 2.3689621699796928)	('>5k', 0.07796744536735861)	('>10k+', 0.15635574870080438)
SRR11780556_2	(1.0, 41.48470829551542)	(2.0, 15.361338989548024)	(3.0, 7.421252618890227)	(4.0, 4.346250125239783)	(5.0, 2.821240079872699)	(6.0, 2.1300509210784524)	(7.0, 1.5834199388482781)	(8.0, 1.1859664342832534)	(9.0, 0.9280476577050004)	('>10', 9.628171127602851)	('>50', 2.8021552798017004)	('>100', 5.87277671825123)	('>500', 2.093809133195606)	('>1k', 2.195454503197249)	('>5k', 0.06582606447052719)	('>10k+', 0.07953211249971238)
SRR11780558_1	(1.0, 37.25340339998209)	(2.0, 15.758999132763819)	(3.0, 7.962794381280124)	(4.0, 4.868652038633134)	(5.0, 3.375689775576577)	(6.0, 2.48645596855231)	(7.0, 1.9556939575548011)	(8.0, 1.5597159456985323)	(9.0, 1.3237771980543103)	('>10', 13.599970632770908)	('>50', 3.627193202404884)	('>100', 5.0861907428694355)	('>500', 0.7175659323179814)	('>1k', 0.29162983408985044)	('>5k', 0.0)	('>10k+', 0.13226785745135547)
SRR11780558_2	(1.0, 38.20173147401976)	(2.0, 15.64123182876576)	(3.0, 7.711316579694246)	(4.0, 4.866867212987733)	(5.0, 3.3708194408913745)	(6.0, 2.476816622778775)	(7.0, 1.9752390804128912)	(8.0, 1.5314816055479776)	(9.0, 1.2479101137457842)	('>10', 13.40551506706669)	('>50', 3.652841411323641)	('>100', 4.943219070224788)	('>500', 0.6817206605032733)	('>1k', 0.25157431337525854)	('>5k', 0.0)	('>10k+', 0.04171551866208188)
